/edu/wpi/secrets/resources/images/CaveTiles.png 5 9
32 24
4 4 4 4 4 4 4 4 4 4 39 39 4 4 4 5 3 4 4 4 4 39 4 4 4 4 4 4 4 4 4 4
4 4 4 4 4 4 4 4 4 4 4 4 4 4 4 5 3 4 4 4 4 4 4 4 4 4 4 4 4 4 4 4
4 4 4 4 4 39 4 4 4 4 4 4 4 4 4 5 3 4 4 4 4 4 4 4 4 4 39 39 4 4 4 4
4 4 4 4 4 4 4 4 4 4 4 4 4 4 4 5 3 4 4 4 4 4 4 4 4 4 4 39 4 4 4 4
4 4 4 4 4 4 4 4 4 4 4 4 4 4 4 5 3 4 39 4 4 4 4 4 4 4 4 4 4 4 4 4
4 4 4 4 4 4 4 4 4 4 39 4 4 4 4 5 3 4 39 4 4 4 4 4 4 4 4 4 4 4 4 4
4 4 4 4 4 4 4 4 4 4 4 4 4 4 4 5 3 4 4 4 4 4 39 4 4 4 4 4 4 4 4 4
4 4 4 4 4 4 4 4 4 4 4 4 4 4 4 5 3 4 4 4 4 4 4 4 4 4 4 4 4 4 4 4
4 4 4 4 4 4 4 4 4 4 4 4 4 4 4 5 3 4 4 4 4 4 4 4 4 4 4 4 4 4 4 4
4 4 39 4 4 4 4 4 4 4 4 4 4 4 4 11 10 4 4 4 4 4 4 4 4 4 4 4 4 4 4 4
4 4 4 4 4 4 4 4 4 4 4 4 4 4 4 4 4 4 4 4 4 4 4 4 4 4 4 4 4 39 4 4
4 4 4 4 4 4 4 4 4 4 4 4 4 4 4 14 13 4 4 4 4 4 4 4 4 4 4 4 4 4 4 4
4 4 4 4 4 4 4 4 4 4 4 4 4 4 4 5 3 4 4 4 4 4 4 39 4 4 4 4 4 4 4 4
4 4 4 4 4 4 4 4 4 4 4 39 4 4 4 5 3 4 4 4 4 4 4 4 4 4 4 4 4 4 4 4
4 4 4 4 4 4 4 4 4 4 4 4 4 4 4 5 3 4 4 4 4 4 4 4 4 4 4 4 4 4 4 4
4 4 4 4 4 4 4 4 4 4 4 4 4 4 4 5 3 4 4 4 4 39 4 4 4 4 4 4 4 4 4 4
4 4 4 4 4 4 4 4 4 4 4 4 4 4 4 5 3 4 4 4 4 4 4 4 4 4 4 4 4 4 4 4
4 4 4 4 4 39 4 4 4 4 4 4 4 4 4 5 3 4 4 4 4 4 4 4 4 4 4 4 4 4 39 4
4 4 4 4 4 4 39 4 4 4 4 4 4 4 4 5 3 4 4 4 4 4 4 4 4 4 4 4 4 4 4 4
4 4 4 4 4 4 4 4 4 4 4 4 4 4 4 5 3 4 4 4 4 4 4 4 4 4 4 4 4 4 4 4
4 4 4 4 4 4 4 4 4 4 4 4 4 4 4 5 3 4 4 4 4 4 4 4 4 4 4 4 4 4 4 4
4 4 4 4 4 4 4 4 4 4 4 4 4 4 4 5 3 4 4 4 4 4 4 4 4 4 4 4 4 4 4 4
4 4 4 4 4 4 4 4 4 4 4 4 4 4 4 5 3 4 4 4 4 4 4 4 4 4 4 4 4 4 4 4
4 4 4 4 4 4 4 4 4 4 4 4 4 4 4 5 3 4 4 4 4 4 4 4 4 4 4 4 4 4 4 4
